# ell TT TE EE BB
0 0.000000e+00 0.000000e+00 0.000000e+00 0.000000e+00
1 0.000000e+00 0.000000e+00 0.000000e+00 0.000000e+00
2 1.566024e+02 5.042435e-01 7.654244e-03 2.501610e-07
3 7.379474e+01 3.177574e-01 6.486548e-03 2.502826e-07
4 4.161476e+01 1.972284e-01 4.544604e-03 2.504421e-07
5 2.633762e+01 1.231410e-01 2.802244e-03 2.506375e-07
6 1.807295e+01 7.740268e-02 1.544584e-03 2.508661e-07
7 1.316487e+01 4.897890e-02 7.678769e-04 2.511250e-07
8 1.003647e+01 3.121185e-02 3.530151e-04 2.514108e-07
9 7.930078e+00 2.011022e-02 1.633602e-04 2.517201e-07
10 6.446622e+00 1.323913e-02 9.002470e-05 2.520491e-07
11 5.363702e+00 9.070381e-03 6.431738e-05 2.523938e-07
12 4.549134e+00 6.607813e-03 5.214191e-05 2.527504e-07
13 3.919468e+00 5.196575e-03 4.170403e-05 2.531149e-07
14 3.421069e+00 4.410142e-03 3.181279e-05 2.534837e-07
15 3.020621e+00 3.970572e-03 2.409177e-05 2.538532e-07
16 2.693649e+00 3.702483e-03 1.941327e-05 2.542199e-07
17 2.421809e+00 3.506424e-03 1.727207e-05 2.545809e-07
18 2.193500e+00 3.330058e-03 1.644368e-05 2.549333e-07
19 2.000088e+00 3.154375e-03 1.602766e-05 2.552750e-07
20 1.834026e+00 2.970579e-03 1.541718e-05 2.556038e-07
21 1.690531e+00 2.784246e-03 1.471048e-05 2.559184e-07
22 1.565680e+00 2.603839e-03 1.416482e-05 2.562176e-07
23 1.456249e+00 2.435000e-03 1.396839e-05 2.565007e-07
24 1.359449e+00 2.282206e-03 1.423760e-05 2.567675e-07
25 1.273540e+00 2.148093e-03 1.487078e-05 2.570182e-07
26 1.197039e+00 2.033803e-03 1.572193e-05 2.572531e-07
27 1.128454e+00 1.936320e-03 1.668600e-05 2.574732e-07
28 1.066438e+00 1.851585e-03 1.768374e-05 2.576793e-07
29 1.010220e+00 1.775527e-03 1.869827e-05 2.578729e-07
30 9.591747e-01 1.704069e-03 1.972830e-05 2.580555e-07
31 9.126958e-01 1.633555e-03 2.076876e-05 2.582284e-07
32 8.702606e-01 1.562004e-03 2.179931e-05 2.583935e-07
33 8.313666e-01 1.487856e-03 2.279584e-05 2.585523e-07
34 7.955526e-01 1.409975e-03 2.374236e-05 2.587065e-07
35 7.625237e-01 1.328929e-03 2.465537e-05 2.588575e-07
36 7.320262e-01 1.245714e-03 2.555953e-05 2.590068e-07
37 7.038121e-01 1.161339e-03 2.647542e-05 2.591558e-07
38 6.776556e-01 1.076877e-03 2.740746e-05 2.593053e-07
39 6.533363e-01 9.934173e-04 2.835596e-05 2.594561e-07
40 6.306339e-01 9.120474e-04 2.932126e-05 2.596089e-07
41 6.093514e-01 8.335934e-04 3.030264e-05 2.597644e-07
42 5.893841e-01 7.578302e-04 3.129500e-05 2.599226e-07
43 5.706505e-01 6.842702e-04 3.229221e-05 2.600833e-07
44 5.530691e-01 6.124257e-04 3.328810e-05 2.602465e-07
45 5.365583e-01 5.418445e-04 3.427743e-05 2.604118e-07
46 5.210352e-01 4.722163e-04 3.525867e-05 2.605786e-07
47 5.064169e-01 4.032664e-04 3.623116e-05 2.607460e-07
48 4.926206e-01 3.347200e-04 3.719427e-05 2.609134e-07
49 4.795631e-01 2.663023e-04 3.814737e-05 2.610798e-07
50 4.671702e-01 1.978456e-04 3.908986e-05 2.612445e-07
51 4.554017e-01 1.296100e-04 4.002122e-05 2.614066e-07
52 4.442260e-01 6.196302e-05 4.094098e-05 2.615652e-07
53 4.336118e-01 -4.728181e-06 4.184868e-05 2.617196e-07
54 4.235273e-01 -7.009626e-05 4.274383e-05 2.618689e-07
55 4.139414e-01 -1.338548e-04 4.362600e-05 2.620122e-07
56 4.048240e-01 -1.960412e-04 4.449488e-05 2.621494e-07
57 3.961453e-01 -2.567737e-04 4.535022e-05 2.622803e-07
58 3.878755e-01 -3.161704e-04 4.619174e-05 2.624046e-07
59 3.799848e-01 -3.743496e-04 4.701919e-05 2.625222e-07
60 3.724434e-01 -4.314296e-04 4.783230e-05 2.626330e-07
61 3.652242e-01 -4.875089e-04 4.863071e-05 2.627367e-07
62 3.583105e-01 -5.426074e-04 4.941369e-05 2.628341e-07
63 3.516883e-01 -5.967254e-04 5.018043e-05 2.629255e-07
64 3.453436e-01 -6.498630e-04 5.093011e-05 2.630117e-07
65 3.392625e-01 -7.020205e-04 5.166191e-05 2.630933e-07
66 3.334308e-01 -7.531981e-04 5.237500e-05 2.631708e-07
67 3.278346e-01 -8.033960e-04 5.306857e-05 2.632448e-07
68 3.224605e-01 -8.526144e-04 5.374195e-05 2.633161e-07
69 3.172981e-01 -9.008531e-04 5.439514e-05 2.633850e-07
70 3.123374e-01 -9.481119e-04 5.502829e-05 2.634520e-07
71 3.075684e-01 -9.943906e-04 5.564155e-05 2.635178e-07
72 3.029814e-01 -1.039689e-03 5.623507e-05 2.635828e-07
73 2.985664e-01 -1.084007e-03 5.680899e-05 2.636475e-07
74 2.943135e-01 -1.127344e-03 5.736347e-05 2.637124e-07
75 2.902128e-01 -1.169699e-03 5.789866e-05 2.637780e-07
76 2.862552e-01 -1.211071e-03 5.841454e-05 2.638448e-07
77 2.824344e-01 -1.251442e-03 5.891040e-05 2.639127e-07
78 2.787448e-01 -1.290794e-03 5.938536e-05 2.639816e-07
79 2.751809e-01 -1.329109e-03 5.983855e-05 2.640514e-07
80 2.717372e-01 -1.366366e-03 6.026907e-05 2.641219e-07
81 2.684080e-01 -1.402548e-03 6.067606e-05 2.641930e-07
82 2.651880e-01 -1.437635e-03 6.105863e-05 2.642646e-07
83 2.620714e-01 -1.471608e-03 6.141591e-05 2.643365e-07
84 2.590531e-01 -1.504456e-03 6.174724e-05 2.644087e-07
85 2.561293e-01 -1.536198e-03 6.205285e-05 2.644810e-07
86 2.532965e-01 -1.566858e-03 6.233318e-05 2.645535e-07
87 2.505511e-01 -1.596462e-03 6.258870e-05 2.646261e-07
88 2.478896e-01 -1.625035e-03 6.281985e-05 2.646987e-07
89 2.453085e-01 -1.652604e-03 6.302708e-05 2.647714e-07
90 2.428043e-01 -1.679193e-03 6.321085e-05 2.648439e-07
91 2.403735e-01 -1.704828e-03 6.337160e-05 2.649164e-07
92 2.380126e-01 -1.729534e-03 6.350979e-05 2.649888e-07
93 2.357182e-01 -1.753332e-03 6.362579e-05 2.650610e-07
94 2.334879e-01 -1.776217e-03 6.371966e-05 2.651335e-07
95 2.313192e-01 -1.798181e-03 6.379137e-05 2.652067e-07
96 2.292098e-01 -1.819214e-03 6.384090e-05 2.652812e-07
97 2.271573e-01 -1.839306e-03 6.386823e-05 2.653572e-07
98 2.251595e-01 -1.858449e-03 6.387333e-05 2.654354e-07
99 2.232139e-01 -1.876633e-03 6.385618e-05 2.655162e-07
100 2.213182e-01 -1.893849e-03 6.381676e-05 2.655999e-07
101 2.194701e-01 -1.910086e-03 6.375505e-05 2.656872e-07
102 2.176671e-01 -1.925337e-03 6.367102e-05 2.657784e-07
103 2.159070e-01 -1.939592e-03 6.356466e-05 2.658740e-07
104 2.141875e-01 -1.952844e-03 6.343599e-05 2.659744e-07
105 2.125072e-01 -1.965105e-03 6.328531e-05 2.660796e-07
106 2.108647e-01 -1.976386e-03 6.311298e-05 2.661898e-07
107 2.092586e-01 -1.986700e-03 6.291933e-05 2.663047e-07
108 2.076876e-01 -1.996062e-03 6.270474e-05 2.664246e-07
109 2.061503e-01 -2.004484e-03 6.246954e-05 2.665494e-07
110 2.046455e-01 -2.011980e-03 6.221410e-05 2.666790e-07
111 2.031717e-01 -2.018562e-03 6.193876e-05 2.668135e-07
112 2.017276e-01 -2.024244e-03 6.164387e-05 2.669530e-07
113 2.003119e-01 -2.029039e-03 6.132979e-05 2.670973e-07
114 1.989232e-01 -2.032960e-03 6.099687e-05 2.672465e-07
115 1.975602e-01 -2.036020e-03 6.064546e-05 2.674007e-07
116 1.962216e-01 -2.038232e-03 6.027593e-05 2.675598e-07
117 1.949064e-01 -2.039606e-03 5.988870e-05 2.677238e-07
118 1.936139e-01 -2.040149e-03 5.948418e-05 2.678927e-07
119 1.923431e-01 -2.039872e-03 5.906282e-05 2.680665e-07
120 1.910931e-01 -2.038783e-03 5.862505e-05 2.682453e-07
121 1.898632e-01 -2.036891e-03 5.817129e-05 2.684291e-07
122 1.886525e-01 -2.034204e-03 5.770197e-05 2.686178e-07
123 1.874600e-01 -2.030732e-03 5.721753e-05 2.688115e-07
124 1.862850e-01 -2.026484e-03 5.671839e-05 2.690102e-07
125 1.851266e-01 -2.021468e-03 5.620499e-05 2.692138e-07
126 1.839838e-01 -2.015693e-03 5.567775e-05 2.694225e-07
127 1.828559e-01 -2.009169e-03 5.513710e-05 2.696361e-07
128 1.817420e-01 -2.001903e-03 5.458348e-05 2.698548e-07
129 1.806413e-01 -1.993906e-03 5.401733e-05 2.700784e-07
130 1.795532e-01 -1.985189e-03 5.343916e-05 2.703072e-07
131 1.784772e-01 -1.975764e-03 5.284951e-05 2.705410e-07
132 1.774129e-01 -1.965642e-03 5.224891e-05 2.707800e-07
133 1.763598e-01 -1.954836e-03 5.163788e-05 2.710241e-07
134 1.753173e-01 -1.943357e-03 5.101696e-05 2.712735e-07
135 1.742851e-01 -1.931218e-03 5.038668e-05 2.715281e-07
136 1.732625e-01 -1.918431e-03 4.974756e-05 2.717880e-07
137 1.722491e-01 -1.905006e-03 4.910014e-05 2.720533e-07
138 1.712445e-01 -1.890957e-03 4.844495e-05 2.723239e-07
139 1.702481e-01 -1.876295e-03 4.778252e-05 2.726000e-07
140 1.692595e-01 -1.861033e-03 4.711337e-05 2.728816e-07
141 1.682781e-01 -1.845181e-03 4.643805e-05 2.731686e-07
142 1.673034e-01 -1.828753e-03 4.575707e-05 2.734612e-07
143 1.663351e-01 -1.811759e-03 4.507098e-05 2.737594e-07
144 1.653725e-01 -1.794213e-03 4.438030e-05 2.740631e-07
145 1.644155e-01 -1.776125e-03 4.368558e-05 2.743724e-07
146 1.634638e-01 -1.757510e-03 4.298736e-05 2.746869e-07
147 1.625172e-01 -1.738379e-03 4.228620e-05 2.750065e-07
148 1.615753e-01 -1.718745e-03 4.158263e-05 2.753311e-07
149 1.606379e-01 -1.698620e-03 4.087721e-05 2.756604e-07
150 1.597048e-01 -1.678018e-03 4.017048e-05 2.759943e-07
151 1.587758e-01 -1.656950e-03 3.946299e-05 2.763327e-07
152 1.578505e-01 -1.635428e-03 3.875529e-05 2.766753e-07
153 1.569288e-01 -1.613467e-03 3.804792e-05 2.770221e-07
154 1.560103e-01 -1.591077e-03 3.734143e-05 2.773727e-07
155 1.550948e-01 -1.568272e-03 3.663637e-05 2.777271e-07
156 1.541822e-01 -1.545064e-03 3.593328e-05 2.780850e-07
157 1.532720e-01 -1.521465e-03 3.523271e-05 2.784464e-07
158 1.523641e-01 -1.497489e-03 3.453522e-05 2.788110e-07
159 1.514582e-01 -1.473147e-03 3.384133e-05 2.791786e-07
160 1.505541e-01 -1.448452e-03 3.315161e-05 2.795492e-07
161 1.496515e-01 -1.423417e-03 3.246659e-05 2.799225e-07
162 1.487504e-01 -1.398053e-03 3.178675e-05 2.802983e-07
163 1.478505e-01 -1.372374e-03 3.111257e-05 2.806765e-07
164 1.469520e-01 -1.346392e-03 3.044453e-05 2.810570e-07
165 1.460545e-01 -1.320118e-03 2.978310e-05 2.814396e-07
166 1.451582e-01 -1.293566e-03 2.912876e-05 2.818242e-07
167 1.442628e-01 -1.266747e-03 2.848198e-05 2.822105e-07
168 1.433683e-01 -1.239674e-03 2.784324e-05 2.825984e-07
169 1.424745e-01 -1.212359e-03 2.721301e-05 2.829879e-07
170 1.415815e-01 -1.184815e-03 2.659177e-05 2.833786e-07
171 1.406891e-01 -1.157053e-03 2.598000e-05 2.837705e-07
172 1.397972e-01 -1.129087e-03 2.537817e-05 2.841634e-07
173 1.389057e-01 -1.100928e-03 2.478676e-05 2.845572e-07
174 1.380146e-01 -1.072589e-03 2.420624e-05 2.849517e-07
175 1.371237e-01 -1.044082e-03 2.363709e-05 2.853467e-07
176 1.362330e-01 -1.015420e-03 2.307978e-05 2.857421e-07
177 1.353424e-01 -9.866141e-04 2.253479e-05 2.861377e-07
178 1.344517e-01 -9.576776e-04 2.200259e-05 2.865334e-07
179 1.335609e-01 -9.286224e-04 2.148367e-05 2.869291e-07
180 1.326699e-01 -8.994607e-04 2.097847e-05 2.873244e-07
181 1.317788e-01 -8.702035e-04 2.048731e-05 2.877194e-07
182 1.308875e-01 -8.408615e-04 2.001051e-05 2.881137e-07
183 1.299959e-01 -8.114455e-04 1.954837e-05 2.885071e-07
184 1.291043e-01 -7.819661e-04 1.910120e-05 2.888996e-07
185 1.282125e-01 -7.524341e-04 1.866930e-05 2.892907e-07
186 1.273205e-01 -7.228602e-04 1.825296e-05 2.896805e-07
187 1.264285e-01 -6.932553e-04 1.785251e-05 2.900686e-07
188 1.255363e-01 -6.636299e-04 1.746824e-05 2.904548e-07
189 1.246440e-01 -6.339949e-04 1.710046e-05 2.908390e-07
190 1.237517e-01 -6.043609e-04 1.674946e-05 2.912209e-07
191 1.228592e-01 -5.747388e-04 1.641557e-05 2.916004e-07
192 1.219667e-01 -5.451391e-04 1.609907e-05 2.919773e-07
193 1.210742e-01 -5.155728e-04 1.580028e-05 2.923513e-07
194 1.201816e-01 -4.860504e-04 1.551950e-05 2.927222e-07
195 1.192889e-01 -4.565828e-04 1.525704e-05 2.930899e-07
196 1.183963e-01 -4.271806e-04 1.501319e-05 2.934541e-07
197 1.175036e-01 -3.978547e-04 1.478827e-05 2.938147e-07
198 1.166110e-01 -3.686156e-04 1.458257e-05 2.941714e-07
199 1.157183e-01 -3.394743e-04 1.439641e-05 2.945241e-07
200 1.148257e-01 -3.104413e-04 1.423008e-05 2.948725e-07
201 1.139331e-01 -2.815270e-04 1.408385e-05 2.952164e-07
202 1.130406e-01 -2.527396e-04 1.395783e-05 2.955557e-07
203 1.121483e-01 -2.240871e-04 1.385207e-05 2.958902e-07
204 1.112563e-01 -1.955773e-04 1.376662e-05 2.962197e-07
205 1.103645e-01 -1.672181e-04 1.370157e-05 2.965441e-07
206 1.094731e-01 -1.390174e-04 1.365695e-05 2.968631e-07
207 1.085821e-01 -1.109829e-04 1.363283e-05 2.971766e-07
208 1.076916e-01 -8.312256e-05 1.362928e-05 2.974844e-07
209 1.068016e-01 -5.544426e-05 1.364635e-05 2.977864e-07
210 1.059123e-01 -2.795583e-05 1.368410e-05 2.980824e-07
211 1.050236e-01 -6.651468e-07 1.374260e-05 2.983721e-07
212 1.041357e-01 2.641994e-05 1.382190e-05 2.986555e-07
213 1.032486e-01 5.329155e-05 1.392206e-05 2.989324e-07
214 1.023624e-01 7.994185e-05 1.404315e-05 2.992025e-07
215 1.014772e-01 1.063630e-04 1.418522e-05 2.994657e-07
216 1.005929e-01 1.325470e-04 1.434833e-05 2.997219e-07
217 9.970970e-02 1.584862e-04 1.453255e-05 2.999708e-07
218 9.882764e-02 1.841725e-04 1.473793e-05 3.002123e-07
219 9.794678e-02 2.095983e-04 1.496454e-05 3.004462e-07
220 9.706719e-02 2.347556e-04 1.521243e-05 3.006723e-07
221 9.618893e-02 2.596365e-04 1.548166e-05 3.008905e-07
222 9.531206e-02 2.842331e-04 1.577230e-05 3.011006e-07
223 9.443665e-02 3.085378e-04 1.608440e-05 3.013024e-07
224 9.356277e-02 3.325431e-04 1.641799e-05 3.014958e-07
225 9.269049e-02 3.562445e-04 1.677289e-05 3.016806e-07
226 9.181989e-02 3.796382e-04 1.714889e-05 3.018568e-07
227 9.095105e-02 4.027201e-04 1.754579e-05 3.020243e-07
228 9.008405e-02 4.254863e-04 1.796338e-05 3.021830e-07
229 8.921896e-02 4.479329e-04 1.840144e-05 3.023329e-07
230 8.835587e-02 4.700559e-04 1.885977e-05 3.024738e-07
231 8.749485e-02 4.918514e-04 1.933815e-05 3.026057e-07
232 8.663599e-02 5.133155e-04 1.983638e-05 3.027285e-07
233 8.577935e-02 5.344443e-04 2.035425e-05 3.028421e-07
234 8.492503e-02 5.552337e-04 2.089154e-05 3.029464e-07
235 8.407309e-02 5.756799e-04 2.144804e-05 3.030414e-07
236 8.322362e-02 5.957789e-04 2.202356e-05 3.031270e-07
237 8.237669e-02 6.155269e-04 2.261787e-05 3.032030e-07
238 8.153239e-02 6.349197e-04 2.323076e-05 3.032695e-07
239 8.069078e-02 6.539536e-04 2.386204e-05 3.033263e-07
240 7.985196e-02 6.726246e-04 2.451148e-05 3.033734e-07
241 7.901600e-02 6.909287e-04 2.517887e-05 3.034106e-07
242 7.818298e-02 7.088620e-04 2.586401e-05 3.034379e-07
243 7.735297e-02 7.264206e-04 2.656669e-05 3.034552e-07
244 7.652606e-02 7.436005e-04 2.728670e-05 3.034625e-07
245 7.570231e-02 7.603978e-04 2.802383e-05 3.034595e-07
246 7.488183e-02 7.768086e-04 2.877786e-05 3.034464e-07
247 7.406467e-02 7.928289e-04 2.954859e-05 3.034229e-07
248 7.325092e-02 8.084548e-04 3.033580e-05 3.033891e-07
249 7.244066e-02 8.236823e-04 3.113930e-05 3.033448e-07
250 7.163396e-02 8.385083e-04 3.195882e-05 3.032899e-07
251 7.083089e-02 8.529324e-04 3.279400e-05 3.032245e-07
252 7.003151e-02 8.669550e-04 3.364440e-05 3.031486e-07
253 6.923588e-02 8.805764e-04 3.450961e-05 3.030623e-07
254 6.844407e-02 8.937971e-04 3.538920e-05 3.029656e-07
255 6.765613e-02 9.066175e-04 3.628276e-05 3.028584e-07
256 6.687214e-02 9.190379e-04 3.718987e-05 3.027409e-07
257 6.609214e-02 9.310587e-04 3.811010e-05 3.026131e-07
258 6.531621e-02 9.426804e-04 3.904304e-05 3.024750e-07
259 6.454441e-02 9.539032e-04 3.998826e-05 3.023266e-07
260 6.377680e-02 9.647276e-04 4.094535e-05 3.021680e-07
261 6.301343e-02 9.751540e-04 4.191388e-05 3.019993e-07
262 6.225438e-02 9.851828e-04 4.289344e-05 3.018203e-07
263 6.149971e-02 9.948143e-04 4.388360e-05 3.016313e-07
264 6.074947e-02 1.004049e-03 4.488395e-05 3.014321e-07
265 6.000374e-02 1.012887e-03 4.589406e-05 3.012229e-07
266 5.926256e-02 1.021329e-03 4.691351e-05 3.010037e-07
267 5.852601e-02 1.029376e-03 4.794189e-05 3.007745e-07
268 5.779415e-02 1.037027e-03 4.897877e-05 3.005354e-07
269 5.706704e-02 1.044283e-03 5.002373e-05 3.002863e-07
270 5.634474e-02 1.051144e-03 5.107635e-05 3.000273e-07
271 5.562731e-02 1.057612e-03 5.213622e-05 2.997585e-07
272 5.491482e-02 1.063685e-03 5.320291e-05 2.994799e-07
273 5.420733e-02 1.069366e-03 5.427600e-05 2.991915e-07
274 5.350490e-02 1.074653e-03 5.535507e-05 2.988933e-07
275 5.280759e-02 1.079547e-03 5.643970e-05 2.985854e-07
276 5.211546e-02 1.084050e-03 5.752948e-05 2.982678e-07
277 5.142859e-02 1.088161e-03 5.862397e-05 2.979406e-07
278 5.074702e-02 1.091880e-03 5.972277e-05 2.976037e-07
279 5.007082e-02 1.095208e-03 6.082543e-05 2.972573e-07
280 4.940001e-02 1.098150e-03 6.193151e-05 2.969015e-07
281 4.873462e-02 1.100709e-03 6.304054e-05 2.965363e-07
282 4.807468e-02 1.102888e-03 6.415204e-05 2.961619e-07
283 4.742020e-02 1.104693e-03 6.526556e-05 2.957786e-07
284 4.677120e-02 1.106127e-03 6.638062e-05 2.953863e-07
285 4.612772e-02 1.107193e-03 6.749676e-05 2.949852e-07
286 4.548977e-02 1.107897e-03 6.861351e-05 2.945756e-07
287 4.485738e-02 1.108242e-03 6.973040e-05 2.941575e-07
288 4.423057e-02 1.108232e-03 7.084697e-05 2.937310e-07
289 4.360937e-02 1.107871e-03 7.196274e-05 2.932963e-07
290 4.299379e-02 1.107164e-03 7.307726e-05 2.928536e-07
291 4.238386e-02 1.106113e-03 7.419005e-05 2.924029e-07
292 4.177960e-02 1.104724e-03 7.530065e-05 2.919444e-07
293 4.118105e-02 1.103000e-03 7.640859e-05 2.914783e-07
294 4.058821e-02 1.100945e-03 7.751341e-05 2.910047e-07
295 4.000111e-02 1.098563e-03 7.861463e-05 2.905237e-07
296 3.941978e-02 1.095859e-03 7.971179e-05 2.900354e-07
297 3.884424e-02 1.092836e-03 8.080442e-05 2.895401e-07
298 3.827451e-02 1.089499e-03 8.189205e-05 2.890378e-07
299 3.771062e-02 1.085850e-03 8.297422e-05 2.885286e-07
300 3.715258e-02 1.081895e-03 8.405047e-05 2.880128e-07
301 3.660043e-02 1.077638e-03 8.512031e-05 2.874904e-07
302 3.605418e-02 1.073081e-03 8.618330e-05 2.869617e-07
303 3.551386e-02 1.068231e-03 8.723895e-05 2.864266e-07
304 3.497950e-02 1.063089e-03 8.828680e-05 2.858854e-07
305 3.445110e-02 1.057661e-03 8.932639e-05 2.853383e-07
306 3.392871e-02 1.051951e-03 9.035725e-05 2.847852e-07
307 3.341233e-02 1.045962e-03 9.137890e-05 2.842265e-07
308 3.290200e-02 1.039699e-03 9.239089e-05 2.836622e-07
309 3.239774e-02 1.033165e-03 9.339275e-05 2.830924e-07
310 3.189957e-02 1.026364e-03 9.438400e-05 2.825173e-07
311 3.140751e-02 1.019302e-03 9.536419e-05 2.819371e-07
312 3.092158e-02 1.011981e-03 9.633287e-05 2.813518e-07
313 3.044177e-02 1.004407e-03 9.728974e-05 2.807617e-07
314 2.996805e-02 9.965864e-04 9.823451e-05 2.801669e-07
315 2.950041e-02 9.885243e-04 9.916691e-05 2.795675e-07
316 2.903882e-02 9.802264e-04 1.000867e-04 2.789639e-07
317 2.858326e-02 9.716984e-04 1.009935e-04 2.783561e-07
318 2.813371e-02 9.629460e-04 1.018871e-04 2.777443e-07
319 2.769015e-02 9.539747e-04 1.027671e-04 2.771287e-07
320 2.725256e-02 9.447904e-04 1.036335e-04 2.765094e-07
321 2.682092e-02 9.353985e-04 1.044857e-04 2.758867e-07
322 2.639521e-02 9.258049e-04 1.053237e-04 2.752606e-07
323 2.597540e-02 9.160151e-04 1.061470e-04 2.746315e-07
324 2.556148e-02 9.060348e-04 1.069554e-04 2.739994e-07
325 2.515342e-02 8.958697e-04 1.077486e-04 2.733645e-07
326 2.475121e-02 8.855254e-04 1.085264e-04 2.727270e-07
327 2.435481e-02 8.750076e-04 1.092885e-04 2.720871e-07
328 2.396422e-02 8.643220e-04 1.100345e-04 2.714449e-07
329 2.357941e-02 8.534741e-04 1.107642e-04 2.708007e-07
330 2.320036e-02 8.424698e-04 1.114774e-04 2.701545e-07
331 2.282705e-02 8.313145e-04 1.121737e-04 2.695066e-07
332 2.245945e-02 8.200140e-04 1.128529e-04 2.688572e-07
333 2.209756e-02 8.085740e-04 1.135146e-04 2.682063e-07
334 2.174133e-02 7.970001e-04 1.141587e-04 2.675542e-07
335 2.139076e-02 7.852979e-04 1.147847e-04 2.669011e-07
336 2.104583e-02 7.734732e-04 1.153925e-04 2.662471e-07
337 2.070651e-02 7.615315e-04 1.159818e-04 2.655924e-07
338 2.037278e-02 7.494786e-04 1.165523e-04 2.649372e-07
339 2.004462e-02 7.373201e-04 1.171037e-04 2.642817e-07
340 1.972201e-02 7.250616e-04 1.176357e-04 2.636259e-07
341 1.940493e-02 7.127089e-04 1.181480e-04 2.629702e-07
342 1.909335e-02 7.002675e-04 1.186404e-04 2.623146e-07
343 1.878727e-02 6.877432e-04 1.191126e-04 2.616594e-07
344 1.848665e-02 6.751416e-04 1.195642e-04 2.610047e-07
345 1.819147e-02 6.624683e-04 1.199951e-04 2.603506e-07
346 1.790172e-02 6.497291e-04 1.204050e-04 2.596975e-07
347 1.761737e-02 6.369295e-04 1.207935e-04 2.590453e-07
348 1.733840e-02 6.240752e-04 1.211604e-04 2.583944e-07
349 1.706479e-02 6.111718e-04 1.215054e-04 2.577448e-07
350 1.679649e-02 5.982238e-04 1.218287e-04 2.570968e-07
351 1.653345e-02 5.852358e-04 1.221301e-04 2.564503e-07
352 1.627562e-02 5.722122e-04 1.224098e-04 2.558055e-07
353 1.602294e-02 5.591575e-04 1.226679e-04 2.551626e-07
354 1.577537e-02 5.460762e-04 1.229044e-04 2.545216e-07
355 1.553286e-02 5.329728e-04 1.231194e-04 2.538826e-07
356 1.529535e-02 5.198517e-04 1.233130e-04 2.532458e-07
357 1.506280e-02 5.067174e-04 1.234851e-04 2.526113e-07
358 1.483515e-02 4.935745e-04 1.236360e-04 2.519791e-07
359 1.461235e-02 4.804273e-04 1.237655e-04 2.513494e-07
360 1.439435e-02 4.672803e-04 1.238739e-04 2.507223e-07
361 1.418110e-02 4.541381e-04 1.239612e-04 2.500979e-07
362 1.397256e-02 4.410051e-04 1.240273e-04 2.494763e-07
363 1.376866e-02 4.278858e-04 1.240725e-04 2.488576e-07
364 1.356936e-02 4.147847e-04 1.240967e-04 2.482419e-07
365 1.337461e-02 4.017062e-04 1.241000e-04 2.476294e-07
366 1.318435e-02 3.886549e-04 1.240825e-04 2.470202e-07
367 1.299854e-02 3.756351e-04 1.240443e-04 2.464143e-07
368 1.281713e-02 3.626514e-04 1.239854e-04 2.458118e-07
369 1.264005e-02 3.497083e-04 1.239058e-04 2.452130e-07
370 1.246728e-02 3.368102e-04 1.238057e-04 2.446178e-07
371 1.229874e-02 3.239617e-04 1.236851e-04 2.440265e-07
372 1.213439e-02 3.111671e-04 1.235440e-04 2.434390e-07
373 1.197419e-02 2.984310e-04 1.233826e-04 2.428556e-07
374 1.181807e-02 2.857579e-04 1.232009e-04 2.422763e-07
375 1.166599e-02 2.731522e-04 1.229989e-04 2.417012e-07
376 1.151790e-02 2.606184e-04 1.227767e-04 2.411305e-07
377 1.137375e-02 2.481609e-04 1.225345e-04 2.405642e-07
378 1.123348e-02 2.357844e-04 1.222721e-04 2.400026e-07
379 1.109705e-02 2.234932e-04 1.219898e-04 2.394455e-07
380 1.096440e-02 2.112918e-04 1.216876e-04 2.388933e-07
381 1.083548e-02 1.991847e-04 1.213654e-04 2.383460e-07
382 1.071025e-02 1.871764e-04 1.210235e-04 2.378037e-07
383 1.058865e-02 1.752713e-04 1.206619e-04 2.372665e-07
384 1.047063e-02 1.634740e-04 1.202806e-04 2.367345e-07
385 1.035614e-02 1.517889e-04 1.198796e-04 2.362079e-07
386 1.024513e-02 1.402205e-04 1.194592e-04 2.356867e-07
387 1.013755e-02 1.287732e-04 1.190192e-04 2.351711e-07
388 1.003334e-02 1.174511e-04 1.185599e-04 2.346611e-07
389 9.932457e-03 1.062562e-04 1.180815e-04 2.341568e-07
390 9.834844e-03 9.518987e-05 1.175843e-04 2.336582e-07
391 9.740446e-03 8.425372e-05 1.170688e-04 2.331652e-07
392 9.649211e-03 7.344923e-05 1.165352e-04 2.326779e-07
393 9.561083e-03 6.277788e-05 1.159839e-04 2.321962e-07
394 9.476010e-03 5.224120e-05 1.154153e-04 2.317201e-07
395 9.393937e-03 4.184067e-05 1.148296e-04 2.312497e-07
396 9.314810e-03 3.157780e-05 1.142272e-04 2.307849e-07
397 9.238576e-03 2.145410e-05 1.136085e-04 2.303258e-07
398 9.165181e-03 1.147105e-05 1.129738e-04 2.298722e-07
399 9.094571e-03 1.630170e-06 1.123234e-04 2.294243e-07
400 9.026692e-03 -8.067047e-06 1.116577e-04 2.289820e-07
401 8.961490e-03 -1.761910e-05 1.109770e-04 2.285454e-07
402 8.898912e-03 -2.702448e-05 1.102817e-04 2.281143e-07
403 8.838903e-03 -3.628169e-05 1.095721e-04 2.276888e-07
404 8.781410e-03 -4.538923e-05 1.088486e-04 2.272689e-07
405 8.726379e-03 -5.434560e-05 1.081114e-04 2.268546e-07
406 8.673755e-03 -6.314930e-05 1.073610e-04 2.264459e-07
407 8.623486e-03 -7.179882e-05 1.065977e-04 2.260428e-07
408 8.575517e-03 -8.029266e-05 1.058217e-04 2.256453e-07
409 8.529795e-03 -8.862933e-05 1.050335e-04 2.252533e-07
410 8.486265e-03 -9.680731e-05 1.042335e-04 2.248669e-07
411 8.444875e-03 -1.048251e-04 1.034218e-04 2.244861e-07
412 8.405569e-03 -1.126812e-04 1.025990e-04 2.241108e-07
413 8.368294e-03 -1.203742e-04 1.017652e-04 2.237411e-07
414 8.332996e-03 -1.279024e-04 1.009210e-04 2.233770e-07
415 8.299622e-03 -1.352645e-04 1.000665e-04 2.230184e-07
416 8.268117e-03 -1.424589e-04 9.920219e-05 2.226653e-07
417 8.238428e-03 -1.494841e-04 9.832837e-05 2.223178e-07
418 8.210500e-03 -1.563385e-04 9.744539e-05 2.219758e-07
419 8.184281e-03 -1.630208e-04 9.655357e-05 2.216393e-07
420 8.159716e-03 -1.695294e-04 9.565328e-05 2.213084e-07
421 8.136751e-03 -1.758629e-04 9.474484e-05 2.209830e-07
422 8.115332e-03 -1.820196e-04 9.382860e-05 2.206631e-07
423 8.095406e-03 -1.879981e-04 9.290490e-05 2.203487e-07
424 8.076919e-03 -1.937969e-04 9.197408e-05 2.200398e-07
425 8.059817e-03 -1.994145e-04 9.103649e-05 2.197364e-07
426 8.044046e-03 -2.048494e-04 9.009246e-05 2.194385e-07
427 8.029554e-03 -2.101006e-04 8.914235e-05 2.191461e-07
428 8.016304e-03 -2.151689e-04 8.818653e-05 2.188592e-07
429 8.004256e-03 -2.200556e-04 8.722537e-05 2.185775e-07
430 7.993376e-03 -2.247620e-04 8.625925e-05 2.183010e-07
431 7.983626e-03 -2.292896e-04 8.528855e-05 2.180297e-07
432 7.974969e-03 -2.336395e-04 8.431366e-05 2.177635e-07
433 7.967369e-03 -2.378131e-04 8.333494e-05 2.175022e-07
434 7.960788e-03 -2.418117e-04 8.235279e-05 2.172458e-07
435 7.955190e-03 -2.456366e-04 8.136756e-05 2.169942e-07
436 7.950539e-03 -2.492892e-04 8.037966e-05 2.167472e-07
437 7.946797e-03 -2.527708e-04 7.938945e-05 2.165049e-07
438 7.943927e-03 -2.560827e-04 7.839731e-05 2.162671e-07
439 7.941894e-03 -2.592261e-04 7.740362e-05 2.160338e-07
440 7.940659e-03 -2.622025e-04 7.640876e-05 2.158048e-07
441 7.940187e-03 -2.650131e-04 7.541311e-05 2.155800e-07
442 7.940441e-03 -2.676592e-04 7.441704e-05 2.153595e-07
443 7.941383e-03 -2.701423e-04 7.342094e-05 2.151430e-07
444 7.942977e-03 -2.724635e-04 7.242519e-05 2.149305e-07
445 7.945186e-03 -2.746242e-04 7.143015e-05 2.147219e-07
446 7.947974e-03 -2.766257e-04 7.043622e-05 2.145171e-07
447 7.951303e-03 -2.784694e-04 6.944377e-05 2.143160e-07
448 7.955138e-03 -2.801565e-04 6.845317e-05 2.141186e-07
449 7.959440e-03 -2.816884e-04 6.746482e-05 2.139248e-07
450 7.964174e-03 -2.830664e-04 6.647907e-05 2.137344e-07
451 7.969302e-03 -2.842918e-04 6.549633e-05 2.135474e-07
452 7.974788e-03 -2.853659e-04 6.451695e-05 2.133636e-07
453 7.980595e-03 -2.862901e-04 6.354133e-05 2.131831e-07
454 7.986687e-03 -2.870656e-04 6.256983e-05 2.130057e-07
455 7.993025e-03 -2.876938e-04 6.160284e-05 2.128313e-07
456 7.999575e-03 -2.881760e-04 6.064074e-05 2.126598e-07
457 8.006298e-03 -2.885135e-04 5.968391e-05 2.124912e-07
458 8.013158e-03 -2.887076e-04 5.873272e-05 2.123253e-07
459 8.020119e-03 -2.887597e-04 5.778755e-05 2.121621e-07
460 8.027143e-03 -2.886710e-04 5.684879e-05 2.120015e-07
461 8.034194e-03 -2.884429e-04 5.591680e-05 2.118434e-07
462 8.041235e-03 -2.880767e-04 5.499197e-05 2.116877e-07
463 8.048230e-03 -2.875738e-04 5.407468e-05 2.115343e-07
464 8.055141e-03 -2.869353e-04 5.316531e-05 2.113831e-07
465 8.061931e-03 -2.861627e-04 5.226423e-05 2.112341e-07
466 8.068568e-03 -2.852575e-04 5.137179e-05 2.110871e-07
467 8.075035e-03 -2.842221e-04 5.048822e-05 2.109421e-07
468 8.081319e-03 -2.830591e-04 4.961372e-05 2.107989e-07
469 8.087407e-03 -2.817712e-04 4.874848e-05 2.106575e-07
470 8.093286e-03 -2.803610e-04 4.789270e-05 2.105177e-07
471 8.098943e-03 -2.788312e-04 4.704659e-05 2.103795e-07
472 8.104365e-03 -2.771845e-04 4.621032e-05 2.102427e-07
473 8.109539e-03 -2.754233e-04 4.538411e-05 2.101073e-07
474 8.114452e-03 -2.735505e-04 4.456815e-05 2.099732e-07
475 8.119091e-03 -2.715685e-04 4.376263e-05 2.098402e-07
476 8.123442e-03 -2.694802e-04 4.296776e-05 2.097083e-07
477 8.127494e-03 -2.672880e-04 4.218373e-05 2.095774e-07
478 8.131233e-03 -2.649947e-04 4.141073e-05 2.094473e-07
479 8.134646e-03 -2.626029e-04 4.064897e-05 2.093180e-07
480 8.137720e-03 -2.601152e-04 3.989864e-05 2.091893e-07
481 8.140442e-03 -2.575343e-04 3.915994e-05 2.090612e-07
482 8.142799e-03 -2.548628e-04 3.843306e-05 2.089336e-07
483 8.144778e-03 -2.521034e-04 3.771821e-05 2.088064e-07
484 8.146366e-03 -2.492586e-04 3.701557e-05 2.086794e-07
485 8.147550e-03 -2.463312e-04 3.632536e-05 2.085526e-07
486 8.148317e-03 -2.433238e-04 3.564775e-05 2.084258e-07
487 8.148655e-03 -2.402389e-04 3.498296e-05 2.082991e-07
488 8.148549e-03 -2.370794e-04 3.433117e-05 2.081722e-07
489 8.147988e-03 -2.338477e-04 3.369259e-05 2.080451e-07
490 8.146958e-03 -2.305465e-04 3.306741e-05 2.079177e-07
491 8.145446e-03 -2.271785e-04 3.245583e-05 2.077898e-07
492 8.143439e-03 -2.237464e-04 3.185804e-05 2.076614e-07
493 8.140924e-03 -2.202527e-04 3.127425e-05 2.075324e-07
494 8.137888e-03 -2.167001e-04 3.070465e-05 2.074027e-07
495 8.134319e-03 -2.130912e-04 3.014943e-05 2.072722e-07
496 8.130203e-03 -2.094287e-04 2.960880e-05 2.071408e-07
497 8.125527e-03 -2.057152e-04 2.908294e-05 2.070083e-07
498 8.120278e-03 -2.019534e-04 2.857207e-05 2.068747e-07
499 8.114443e-03 -1.981459e-04 2.807637e-05 2.067399e-07
500 8.108010e-03 -1.942953e-04 2.759604e-05 2.066038e-07
501 8.100965e-03 -1.904043e-04 2.713129e-05 2.064663e-07
502 8.093295e-03 -1.864755e-04 2.668229e-05 2.063273e-07
503 8.084988e-03 -1.825116e-04 2.624927e-05 2.061866e-07
504 8.076029e-03 -1.785152e-04 2.583240e-05 2.060443e-07
505 8.066410e-03 -1.744888e-04 2.543184e-05 2.059002e-07
506 8.056133e-03 -1.704348e-04 2.504757e-05 2.057542e-07
507 8.045202e-03 -1.663553e-04 2.467951e-05 2.056063e-07
508 8.033624e-03 -1.622526e-04 2.432760e-05 2.054564e-07
509 8.021403e-03 -1.581288e-04 2.399176e-05 2.053046e-07
510 8.008544e-03 -1.539862e-04 2.367191e-05 2.051507e-07
511 7.995054e-03 -1.498269e-04 2.336800e-05 2.049948e-07
512 7.980936e-03 -1.456532e-04 2.307994e-05 2.048367e-07
513 7.966197e-03 -1.414673e-04 2.280767e-05 2.046765e-07
514 7.950842e-03 -1.372712e-04 2.255111e-05 2.045140e-07
515 7.934876e-03 -1.330674e-04 2.231019e-05 2.043492e-07
516 7.918305e-03 -1.288579e-04 2.208484e-05 2.041822e-07
517 7.901132e-03 -1.246449e-04 2.187500e-05 2.040128e-07
518 7.883365e-03 -1.204307e-04 2.168058e-05 2.038409e-07
519 7.865008e-03 -1.162175e-04 2.150151e-05 2.036667e-07
520 7.846066e-03 -1.120074e-04 2.133774e-05 2.034899e-07
521 7.826545e-03 -1.078027e-04 2.118917e-05 2.033106e-07
522 7.806449e-03 -1.036056e-04 2.105575e-05 2.031287e-07
523 7.785785e-03 -9.941819e-05 2.093740e-05 2.029441e-07
524 7.764558e-03 -9.524278e-05 2.083404e-05 2.027569e-07
525 7.742772e-03 -9.108154e-05 2.074562e-05 2.025669e-07
526 7.720433e-03 -8.693666e-05 2.067205e-05 2.023742e-07
527 7.697546e-03 -8.281036e-05 2.061326e-05 2.021787e-07
528 7.674118e-03 -7.870483e-05 2.056919e-05 2.019802e-07
529 7.650151e-03 -7.462228e-05 2.053976e-05 2.017789e-07
530 7.625654e-03 -7.056490e-05 2.052490e-05 2.015746e-07
531 7.600629e-03 -6.653490e-05 2.052454e-05 2.013673e-07
532 7.575083e-03 -6.253447e-05 2.053860e-05 2.011570e-07
533 7.549021e-03 -5.856582e-05 2.056702e-05 2.009436e-07
534 7.522448e-03 -5.463116e-05 2.060973e-05 2.007270e-07
535 7.495370e-03 -5.073267e-05 2.066664e-05 2.005072e-07
536 7.467792e-03 -4.687257e-05 2.073770e-05 2.002842e-07
537 7.439718e-03 -4.305306e-05 2.082283e-05 2.000579e-07
538 7.411155e-03 -3.927632e-05 2.092195e-05 1.998283e-07
539 7.382108e-03 -3.554458e-05 2.103501e-05 1.995953e-07
540 7.352581e-03 -3.186003e-05 2.116191e-05 1.993589e-07
541 7.322581e-03 -2.822486e-05 2.130261e-05 1.991191e-07
542 7.292112e-03 -2.464129e-05 2.145701e-05 1.988757e-07
543 7.261179e-03 -2.111150e-05 2.162505e-05 1.986287e-07
544 7.229790e-03 -1.763747e-05 2.180664e-05 1.983782e-07
545 7.197955e-03 -1.422013e-05 2.200153e-05 1.981241e-07
546 7.165687e-03 -1.086021e-05 2.220949e-05 1.978664e-07
547 7.132997e-03 -7.558409e-06 2.243024e-05 1.976052e-07
548 7.099899e-03 -4.315435e-06 2.266355e-05 1.973405e-07
549 7.066405e-03 -1.131998e-06 2.290914e-05 1.970724e-07
550 7.032526e-03 1.991192e-06 2.316677e-05 1.968007e-07
551 6.998275e-03 5.053428e-06 2.343618e-05 1.965257e-07
552 6.963666e-03 8.054000e-06 2.371711e-05 1.962472e-07
553 6.928709e-03 1.099220e-05 2.400931e-05 1.959653e-07
554 6.893417e-03 1.386732e-05 2.431253e-05 1.956801e-07
555 6.857803e-03 1.667865e-05 2.462650e-05 1.953915e-07
556 6.821878e-03 1.942548e-05 2.495097e-05 1.950997e-07
557 6.785656e-03 2.210711e-05 2.528569e-05 1.948045e-07
558 6.749149e-03 2.472282e-05 2.563039e-05 1.945061e-07
559 6.712368e-03 2.727190e-05 2.598483e-05 1.942044e-07
560 6.675327e-03 2.975366e-05 2.634875e-05 1.938995e-07
561 6.638037e-03 3.216737e-05 2.672190e-05 1.935915e-07
562 6.600510e-03 3.451233e-05 2.710401e-05 1.932803e-07
563 6.562760e-03 3.678783e-05 2.749483e-05 1.929659e-07
564 6.524799e-03 3.899317e-05 2.789411e-05 1.926484e-07
565 6.486638e-03 4.112763e-05 2.830158e-05 1.923278e-07
566 6.448291e-03 4.319050e-05 2.871701e-05 1.920042e-07
567 6.409768e-03 4.518108e-05 2.914012e-05 1.916775e-07
568 6.371084e-03 4.709866e-05 2.957066e-05 1.913478e-07
569 6.332250e-03 4.894253e-05 3.000838e-05 1.910151e-07
570 6.293278e-03 5.071197e-05 3.045303e-05 1.906794e-07
571 6.254181e-03 5.240629e-05 3.090434e-05 1.903408e-07
572 6.214971e-03 5.402478e-05 3.136206e-05 1.899993e-07
573 6.175661e-03 5.556671e-05 3.182593e-05 1.896548e-07
574 6.136262e-03 5.703139e-05 3.229571e-05 1.893075e-07
575 6.096788e-03 5.841811e-05 3.277113e-05 1.889574e-07
576 6.057250e-03 5.972616e-05 3.325193e-05 1.886044e-07
577 6.017660e-03 6.095483e-05 3.373787e-05 1.882486e-07
578 5.978032e-03 6.210341e-05 3.422868e-05 1.878900e-07
579 5.938377e-03 6.317119e-05 3.472412e-05 1.875287e-07
580 5.898707e-03 6.415746e-05 3.522392e-05 1.871647e-07
581 5.859036e-03 6.506152e-05 3.572783e-05 1.867980e-07
582 5.819375e-03 6.588266e-05 3.623559e-05 1.864285e-07
583 5.779737e-03 6.662040e-05 3.674696e-05 1.860565e-07
584 5.740130e-03 6.727529e-05 3.726165e-05 1.856818e-07
585 5.700564e-03 6.784806e-05 3.777942e-05 1.853046e-07
586 5.661050e-03 6.833950e-05 3.829999e-05 1.849250e-07
587 5.621595e-03 6.875037e-05 3.882312e-05 1.845430e-07
588 5.582209e-03 6.908143e-05 3.934852e-05 1.841586e-07
589 5.542901e-03 6.933344e-05 3.987594e-05 1.837720e-07
590 5.503682e-03 6.950718e-05 4.040512e-05 1.833832e-07
591 5.464559e-03 6.960340e-05 4.093579e-05 1.829923e-07
592 5.425543e-03 6.962287e-05 4.146768e-05 1.825993e-07
593 5.386642e-03 6.956636e-05 4.200055e-05 1.822043e-07
594 5.347867e-03 6.943462e-05 4.253411e-05 1.818074e-07
595 5.309225e-03 6.922844e-05 4.306812e-05 1.814086e-07
596 5.270727e-03 6.894856e-05 4.360230e-05 1.810081e-07
597 5.232382e-03 6.859575e-05 4.413639e-05 1.806058e-07
598 5.194199e-03 6.817079e-05 4.467013e-05 1.802018e-07
599 5.156187e-03 6.767443e-05 4.520326e-05 1.797962e-07
600 5.118356e-03 6.710744e-05 4.573551e-05 1.793891e-07
601 5.080715e-03 6.647058e-05 4.626662e-05 1.789805e-07
602 5.043273e-03 6.576462e-05 4.679632e-05 1.785705e-07
603 5.006040e-03 6.499033e-05 4.732436e-05 1.781592e-07
604 4.969025e-03 6.414846e-05 4.785047e-05 1.777466e-07
605 4.932236e-03 6.323978e-05 4.837438e-05 1.773328e-07
606 4.895685e-03 6.226506e-05 4.889584e-05 1.769179e-07
607 4.859379e-03 6.122507e-05 4.941458e-05 1.765019e-07
608 4.823328e-03 6.012056e-05 4.993033e-05 1.760849e-07
609 4.787541e-03 5.895231e-05 5.044284e-05 1.756669e-07
610 4.752028e-03 5.772107e-05 5.095183e-05 1.752481e-07
611 4.716798e-03 5.642761e-05 5.145706e-05 1.748284e-07
612 4.681860e-03 5.507270e-05 5.195824e-05 1.744080e-07
613 4.647223e-03 5.365710e-05 5.245513e-05 1.739870e-07
614 4.612898e-03 5.218157e-05 5.294745e-05 1.735653e-07
615 4.578892e-03 5.064689e-05 5.343495e-05 1.731431e-07
616 4.545216e-03 4.905381e-05 5.391736e-05 1.727203e-07
617 4.511878e-03 4.740310e-05 5.439441e-05 1.722972e-07
618 4.478889e-03 4.569553e-05 5.486585e-05 1.718737e-07
619 4.446256e-03 4.393185e-05 5.533141e-05 1.714500e-07
620 4.413991e-03 4.211284e-05 5.579083e-05 1.710260e-07
621 4.382101e-03 4.023926e-05 5.624384e-05 1.706019e-07
622 4.350595e-03 3.831199e-05 5.669020e-05 1.701777e-07
623 4.319475e-03 3.633234e-05 5.712978e-05 1.697534e-07
624 4.288745e-03 3.430174e-05 5.756245e-05 1.693292e-07
625 4.258404e-03 3.222164e-05 5.798809e-05 1.689051e-07
626 4.228456e-03 3.009345e-05 5.840658e-05 1.684811e-07
627 4.198901e-03 2.791860e-05 5.881780e-05 1.680574e-07
628 4.169741e-03 2.569854e-05 5.922164e-05 1.676339e-07
629 4.140978e-03 2.343469e-05 5.961797e-05 1.672107e-07
630 4.112614e-03 2.112848e-05 6.000668e-05 1.667880e-07
631 4.084650e-03 1.878134e-05 6.038764e-05 1.663656e-07
632 4.057088e-03 1.639470e-05 6.076073e-05 1.659438e-07
633 4.029930e-03 1.397000e-05 6.112584e-05 1.655226e-07
634 4.003178e-03 1.150866e-05 6.148285e-05 1.651020e-07
635 3.976833e-03 9.012113e-06 6.183163e-05 1.646821e-07
636 3.950896e-03 6.481794e-06 6.217206e-05 1.642629e-07
637 3.925370e-03 3.919132e-06 6.250404e-05 1.638445e-07
638 3.900256e-03 1.325557e-06 6.282743e-05 1.634270e-07
639 3.875556e-03 -1.297499e-06 6.314211e-05 1.630104e-07
640 3.851271e-03 -3.948605e-06 6.344798e-05 1.625949e-07
641 3.827404e-03 -6.626332e-06 6.374490e-05 1.621803e-07
642 3.803956e-03 -9.329248e-06 6.403277e-05 1.617669e-07
643 3.780928e-03 -1.205592e-05 6.431145e-05 1.613546e-07
644 3.758323e-03 -1.480492e-05 6.458083e-05 1.609435e-07
645 3.736142e-03 -1.757482e-05 6.484079e-05 1.605338e-07
646 3.714386e-03 -2.036418e-05 6.509121e-05 1.601253e-07
647 3.693058e-03 -2.317158e-05 6.533197e-05 1.597183e-07
648 3.672159e-03 -2.599558e-05 6.556295e-05 1.593127e-07
649 3.651691e-03 -2.883476e-05 6.578404e-05 1.589087e-07
650 3.631655e-03 -3.168768e-05 6.599510e-05 1.585062e-07
651 3.612053e-03 -3.455291e-05 6.619603e-05 1.581054e-07
652 3.592888e-03 -3.742902e-05 6.638670e-05 1.577063e-07
653 3.574159e-03 -4.031458e-05 6.656700e-05 1.573089e-07
654 3.555871e-03 -4.320815e-05 6.673679e-05 1.569134e-07
655 3.538022e-03 -4.610832e-05 6.689597e-05 1.565197e-07
656 3.520617e-03 -4.901364e-05 6.704442e-05 1.561280e-07
657 3.503656e-03 -5.192269e-05 6.718201e-05 1.557382e-07
658 3.487141e-03 -5.483404e-05 6.730862e-05 1.553505e-07
659 3.471074e-03 -5.774625e-05 6.742414e-05 1.549650e-07
660 3.455456e-03 -6.065789e-05 6.752845e-05 1.545816e-07
661 3.440288e-03 -6.356759e-05 6.762145e-05 1.542004e-07
662 3.425566e-03 -6.647416e-05 6.770318e-05 1.538215e-07
663 3.411286e-03 -6.937647e-05 6.777372e-05 1.534449e-07
664 3.397442e-03 -7.227340e-05 6.783312e-05 1.530706e-07
665 3.384030e-03 -7.516380e-05 6.788146e-05 1.526985e-07
666 3.371045e-03 -7.804656e-05 6.791879e-05 1.523288e-07
667 3.358483e-03 -8.092054e-05 6.794520e-05 1.519615e-07
668 3.346338e-03 -8.378460e-05 6.796074e-05 1.515965e-07
669 3.334605e-03 -8.663763e-05 6.796548e-05 1.512339e-07
670 3.323280e-03 -8.947849e-05 6.795948e-05 1.508737e-07
671 3.312358e-03 -9.230604e-05 6.794283e-05 1.505160e-07
672 3.301834e-03 -9.511916e-05 6.791557e-05 1.501606e-07
673 3.291704e-03 -9.791673e-05 6.787778e-05 1.498078e-07
674 3.281962e-03 -1.006976e-04 6.782953e-05 1.494574e-07
675 3.272604e-03 -1.034606e-04 6.777089e-05 1.491095e-07
676 3.263624e-03 -1.062047e-04 6.770191e-05 1.487642e-07
677 3.255019e-03 -1.089287e-04 6.762267e-05 1.484214e-07
678 3.246783e-03 -1.116315e-04 6.753323e-05 1.480811e-07
679 3.238911e-03 -1.143120e-04 6.743366e-05 1.477434e-07
680 3.231399e-03 -1.169690e-04 6.732403e-05 1.474084e-07
681 3.224241e-03 -1.196013e-04 6.720440e-05 1.470759e-07
682 3.217434e-03 -1.222080e-04 6.707484e-05 1.467461e-07
683 3.210972e-03 -1.247877e-04 6.693542e-05 1.464189e-07
684 3.204850e-03 -1.273395e-04 6.678621e-05 1.460944e-07
685 3.199064e-03 -1.298621e-04 6.662727e-05 1.457726e-07
686 3.193608e-03 -1.323545e-04 6.645866e-05 1.454535e-07
687 3.188479e-03 -1.348155e-04 6.628047e-05 1.451371e-07
688 3.183670e-03 -1.372440e-04 6.609274e-05 1.448235e-07
689 3.179178e-03 -1.396388e-04 6.589555e-05 1.445126e-07
690 3.174997e-03 -1.419989e-04 6.568897e-05 1.442045e-07
691 3.171123e-03 -1.443230e-04 6.547306e-05 1.438993e-07
692 3.167551e-03 -1.466101e-04 6.524790e-05 1.435968e-07
693 3.164276e-03 -1.488591e-04 6.501353e-05 1.432972e-07
694 3.161293e-03 -1.510687e-04 6.477005e-05 1.430005e-07
695 3.158598e-03 -1.532379e-04 6.451750e-05 1.427066e-07
696 3.156185e-03 -1.553655e-04 6.425596e-05 1.424157e-07
697 3.154049e-03 -1.574505e-04 6.398549e-05 1.421277e-07
698 3.152187e-03 -1.594916e-04 6.370617e-05 1.418426e-07
699 3.150593e-03 -1.614878e-04 6.341805e-05 1.415604e-07
700 3.149262e-03 -1.634380e-04 6.312123e-05 1.412813e-07
701 3.148188e-03 -1.653419e-04 6.281586e-05 1.410050e-07
702 3.147362e-03 -1.671992e-04 6.250214e-05 1.407317e-07
703 3.146780e-03 -1.690096e-04 6.218024e-05 1.404614e-07
704 3.146433e-03 -1.707729e-04 6.185035e-05 1.401938e-07
705 3.146314e-03 -1.724889e-04 6.151264e-05 1.399292e-07
706 3.146417e-03 -1.741571e-04 6.116731e-05 1.396673e-07
707 3.146735e-03 -1.757775e-04 6.081453e-05 1.394083e-07
708 3.147261e-03 -1.773497e-04 6.045449e-05 1.391521e-07
709 3.147988e-03 -1.788735e-04 6.008737e-05 1.388986e-07
710 3.148908e-03 -1.803487e-04 5.971335e-05 1.386478e-07
711 3.150016e-03 -1.817749e-04 5.933262e-05 1.383997e-07
712 3.151303e-03 -1.831518e-04 5.894536e-05 1.381543e-07
713 3.152764e-03 -1.844794e-04 5.855174e-05 1.379116e-07
714 3.154391e-03 -1.857572e-04 5.815197e-05 1.376715e-07
715 3.156177e-03 -1.869850e-04 5.774621e-05 1.374340e-07
716 3.158115e-03 -1.881626e-04 5.733465e-05 1.371991e-07
717 3.160198e-03 -1.892897e-04 5.691747e-05 1.369667e-07
718 3.162420e-03 -1.903661e-04 5.649486e-05 1.367368e-07
719 3.164774e-03 -1.913914e-04 5.606700e-05 1.365095e-07
720 3.167252e-03 -1.923655e-04 5.563406e-05 1.362847e-07
721 3.169847e-03 -1.932880e-04 5.519625e-05 1.360622e-07
722 3.172553e-03 -1.941588e-04 5.475373e-05 1.358423e-07
723 3.175363e-03 -1.949775e-04 5.430668e-05 1.356247e-07
724 3.178269e-03 -1.957438e-04 5.385531e-05 1.354095e-07
725 3.181266e-03 -1.964576e-04 5.339977e-05 1.351967e-07
726 3.184345e-03 -1.971186e-04 5.294027e-05 1.349862e-07
727 3.187500e-03 -1.977265e-04 5.247697e-05 1.347780e-07
728 3.190724e-03 -1.982810e-04 5.201007e-05 1.345721e-07
729 3.194010e-03 -1.987820e-04 5.153975e-05 1.343684e-07
730 3.197351e-03 -1.992290e-04 5.106618e-05 1.341670e-07
731 3.200740e-03 -1.996219e-04 5.058956e-05 1.339678e-07
732 3.204170e-03 -1.999605e-04 5.011006e-05 1.337707e-07
733 3.207635e-03 -2.002444e-04 4.962787e-05 1.335758e-07
734 3.211127e-03 -2.004733e-04 4.914317e-05 1.333831e-07
735 3.214639e-03 -2.006472e-04 4.865614e-05 1.331924e-07
736 3.218165e-03 -2.007656e-04 4.816697e-05 1.330039e-07
737 3.221697e-03 -2.008283e-04 4.767584e-05 1.328174e-07
738 3.225229e-03 -2.008350e-04 4.718293e-05 1.326329e-07
739 3.228753e-03 -2.007857e-04 4.668843e-05 1.324504e-07
740 3.232266e-03 -2.006808e-04 4.619250e-05 1.322699e-07
741 3.235761e-03 -2.005208e-04 4.569533e-05 1.320913e-07
742 3.239235e-03 -2.003063e-04 4.519709e-05 1.319146e-07
743 3.242682e-03 -2.000379e-04 4.469795e-05 1.317397e-07
744 3.246098e-03 -1.997161e-04 4.419810e-05 1.315666e-07
745 3.249477e-03 -1.993416e-04 4.369770e-05 1.313952e-07
746 3.252816e-03 -1.989148e-04 4.319693e-05 1.312255e-07
747 3.256109e-03 -1.984365e-04 4.269596e-05 1.310575e-07
748 3.259351e-03 -1.979070e-04 4.219498e-05 1.308910e-07
749 3.262538e-03 -1.973271e-04 4.169415e-05 1.307261e-07
750 3.265664e-03 -1.966973e-04 4.119366e-05 1.305627e-07
751 3.268726e-03 -1.960181e-04 4.069367e-05 1.304008e-07
752 3.271718e-03 -1.952901e-04 4.019436e-05 1.302403e-07
753 3.274635e-03 -1.945140e-04 3.969591e-05 1.300811e-07
754 3.277473e-03 -1.936902e-04 3.919849e-05 1.299233e-07
755 3.280227e-03 -1.928193e-04 3.870228e-05 1.297667e-07
756 3.282892e-03 -1.919020e-04 3.820745e-05 1.296114e-07
757 3.285463e-03 -1.909387e-04 3.771417e-05 1.294573e-07
758 3.287936e-03 -1.899301e-04 3.722263e-05 1.293043e-07
759 3.290305e-03 -1.888767e-04 3.673300e-05 1.291524e-07
760 3.292567e-03 -1.877792e-04 3.624545e-05 1.290015e-07
761 3.294715e-03 -1.866379e-04 3.576015e-05 1.288517e-07
762 3.296745e-03 -1.854537e-04 3.527729e-05 1.287028e-07
763 3.298653e-03 -1.842269e-04 3.479704e-05 1.285548e-07
764 3.300434e-03 -1.829582e-04 3.431957e-05 1.284077e-07
765 3.302083e-03 -1.816482e-04 3.384506e-05 1.282614e-07
766 3.303594e-03 -1.802974e-04 3.337368e-05 1.281159e-07
767 3.304964e-03 -1.789064e-04 3.290561e-05 1.279711e-07
768 3.306188e-03 -1.774758e-04 3.244102e-05 1.278270e-07
